0.35 0.3 0.3
0.3492403876506104 0.3 0.3086824088833465
0.3469846310392954 0.3 0.3171010071662834
0.3433012701892219 0.3 0.32499999999999996
0.3383022221559489 0.3 0.33213938048432695
0.33213938048432695 0.3 0.33830222215594885
0.325 0.3 0.3433012701892219
0.3171010071662834 0.3 0.3469846310392954
0.3086824088833465 0.3 0.3492403876506104
0.3 0.3 0.35
0.29131759111665345 0.3 0.3492403876506104
0.28289899283371656 0.3 0.3469846310392954
0.275 0.3 0.3433012701892219
0.267860619515673 0.3 0.3383022221559489
0.2616977778440511 0.3 0.33213938048432695
0.25669872981077807 0.3 0.325
0.2530153689607046 0.3 0.3171010071662835
0.2507596123493896 0.3 0.3086824088833466
0.25 0.3 0.3000000000000001
0.2507596123493896 0.3 0.2913175911166536
0.25301536896070453 0.3 0.28289899283371667
0.256698729810778 0.3 0.27500000000000013
0.261697777844051 0.3 0.26786061951567314
0.2678606195156729 0.3 0.2616977778440512
0.27499999999999986 0.3 0.2566987298107781
0.28289899283371645 0.3 0.25301536896070465
0.29131759111665334 0.3 0.2507596123493896
0.2999999999999999 0.3 0.25
0.3086824088833464 0.3 0.2507596123493896
0.31710100716628337 0.3 0.25301536896070453
0.3249999999999999 0.3 0.256698729810778
0.3321393804843269 0.3 0.261697777844051
0.33830222215594885 0.3 0.26786061951567297
0.34330127018922185 0.3 0.2749999999999999
0.34698463103929533 0.3 0.28289899283371645
0.3492403876506104 0.3 0.29131759111665334
