0.43 0.4 0
0.4299269215077947 0.4020926942123238 0
0.4297080420622471 0.404175193028802 0
0.42934442802201417 0.4062373507245328 0
0.4288378508781496 0.40826912067451 0
0.42819077862357724 0.41026060429977007 0
0.42740636372927804 0.412202099292274 0
0.4264884277857678 0.41408414688357675 0
0.42544144288469277 0.41589757792699616 0
0.4242705098312484 0.4176335575687742 0
0.42298133329356935 0.4192836282905962 0
0.42158019401015956 0.4208397511137699 0
0.4200739181907658 0.4222943447643218 0
0.4184698442597698 0.4236403226082016 0
0.41677578710412244 0.4248711271766512 0
0.41500000000000004 0.42598076211353314 0
0.41315113440367235 0.426963821388975 0
0.4112381978024774 0.4278155156370036 0
0.40927050983124846 0.4285316954888546 0
0.4072576568679901 0.4291088717882799 0
0.40520944533000797 0.4295442325903662 0
0.40313585389802964 0.4298356568610482 0
0.40104698490107504 0.42998172481057284 0
0.398953015098925 0.42998172481057284 0
0.3968641461019704 0.4298356568610482 0
0.3947905546699921 0.4295442325903662 0
0.39274234313200995 0.4291088717882799 0
0.3907294901687516 0.4285316954888546 0
0.38876180219752265 0.4278155156370036 0
0.3868488655963277 0.426963821388975 0
0.385 0.42598076211353314 0
0.3832242128958776 0.4248711271766512 0
0.38153015574023025 0.4236403226082016 0
0.37992608180923426 0.42229434476432176 0
0.3784198059898405 0.42083975111376987 0
0.37701866670643064 0.4192836282905961 0
0.37572949016875157 0.4176335575687741 0
0.3745585571153072 0.41589757792699605 0
0.3735115722142322 0.41408414688357664 0
0.372593636270722 0.4122020992922739 0
0.37180922137642275 0.41026060429976996 0
0.37116214912185047 0.4082691206745099 0
0.3706555719779859 0.4062373507245327 0
0.37029195793775294 0.4041751930288019 0
0.37007307849220533 0.4020926942123237 0
0.37000000000000005 0.3999999999999999 0
0.37007307849220533 0.39790730578767614 0
0.37029195793775294 0.39582480697119793 0
0.37065557197798593 0.3937626492754671 0
0.3711621491218505 0.3917308793254899 0
0.37180922137642286 0.3897393957002298 0
0.3725936362707221 0.38779790070772585 0
0.3735115722142323 0.3859158531164231 0
0.3745585571153074 0.3841024220730037 0
0.37572949016875173 0.3823664424312257 0
0.3770186667064308 0.3807163717094037 0
0.37841980598984065 0.37916024888623 0
0.37992608180923443 0.3777056552356781 0
0.3815301557402304 0.37635967739179826 0
0.38322421289587777 0.3751288728233487 0
0.3850000000000002 0.3740192378864668 0
0.38684886559632786 0.37303617861102495 0
0.3887618021975228 0.37218448436299634 0
0.3907294901687518 0.3714683045111454 0
0.39274234313201023 0.3708911282117201 0
0.39479055466999236 0.37045576740963376 0
0.3968641461019707 0.3701643431389518 0
0.3989530150989253 0.37001827518942715 0
0.4010469849010753 0.3700182751894272 0
0.4031358538980299 0.37016434313895186 0
0.40520944533000824 0.3704557674096339 0
0.40725765686799037 0.3708911282117202 0
0.40927050983124874 0.37146830451114554 0
0.41123819780247767 0.37218448436299656 0
0.4131511344036726 0.37303617861102517 0
0.4150000000000003 0.37401923788646707 0
0.4167757871041227 0.375128872823349 0
0.4184698442597701 0.3763596773917986 0
0.420073918190766 0.37770565523567845 0
0.4215801940101598 0.37916024888623034 0
0.4229813332935696 0.3807163717094041 0
0.4242705098312486 0.3823664424312261 0
0.42544144288469293 0.38410242207300416 0
0.42648842778576795 0.38591585311642357 0
0.42740636372927815 0.3877979007077263 0
0.42819077862357735 0.38973939570023025 0
0.42883785087814963 0.39173087932549033 0
0.4293444280220142 0.3937626492754675 0
0.4297080420622471 0.3958248069711983 0
0.42992692150779477 0.3979073057876765 0
