0.44 0.4 0
0.4393923101204883 0.4069459271066772 0
0.43758770483143633 0.41368080573302674 0
0.43464101615137757 0.42 0
0.43064177772475914 0.4257115043874616 0
0.4257115043874616 0.43064177772475914 0
0.42 0.43464101615137757 0
0.41368080573302674 0.43758770483143633 0
0.4069459271066772 0.43939231012048835 0
0.39999999999999997 0.44 0
0.3930540728933227 0.4393923101204883 0
0.3863191942669732 0.43758770483143633 0
0.37999999999999995 0.4346410161513775 0
0.3742884956125384 0.4306417777247591 0
0.3693582222752409 0.4257115043874615 0
0.3653589838486225 0.42 0
0.3624122951685637 0.41368080573302674 0
0.3606076898795117 0.4069459271066772 0
0.36000000000000004 0.4 0
0.3606076898795117 0.39305407289332284 0
0.3624122951685637 0.3863191942669733 0
0.3653589838486225 0.38000000000000006 0
0.3693582222752409 0.3742884956125385 0
0.3742884956125384 0.36935822227524095 0
0.37999999999999995 0.36535898384862253 0
0.3863191942669732 0.36241229516856377 0
0.3930540728933227 0.36060768987951175 0
0.3999999999999999 0.36000000000000004 0
0.4069459271066771 0.3606076898795117 0
0.4136808057330266 0.36241229516856366 0
0.4199999999999999 0.3653589838486224 0
0.42571150438746147 0.36935822227524084 0
0.43064177772475903 0.37428849561253835 0
0.43464101615137746 0.3799999999999999 0
0.4375877048314363 0.38631919426697314 0
0.4393923101204883 0.39305407289332267 0
