0.36 0.3 0.3
0.35908846518073245 0.3 0.3104188906600158
0.3563815572471545 0.3 0.32052120859954014
0.3519615242270663 0.3 0.33
0.34596266658713865 0.3 0.33856725658119236
0.33856725658119236 0.3 0.3459626665871387
0.32999999999999996 0.3 0.3519615242270663
0.3205212085995401 0.3 0.3563815572471545
0.31041889066001577 0.3 0.35908846518073245
0.29999999999999993 0.3 0.36
0.2895811093399841 0.3 0.35908846518073245
0.2794787914004598 0.3 0.3563815572471545
0.2699999999999999 0.3 0.3519615242270663
0.26143274341880757 0.3 0.3459626665871386
0.2540373334128613 0.3 0.3385672565811923
0.24803847577293364 0.3 0.32999999999999996
0.2436184427528455 0.3 0.3205212085995401
0.24091153481926753 0.3 0.3104188906600158
0.24 0.3 0.30000000000000004
0.2409115348192675 0.3 0.28958110933998427
0.24361844275284544 0.3 0.27947879140045995
0.24803847577293361 0.3 0.2700000000000001
0.2540373334128612 0.3 0.26143274341880773
0.2614327434188075 0.3 0.2540373334128614
0.26999999999999985 0.3 0.24803847577293375
0.2794787914004597 0.3 0.24361844275284555
0.289581109339984 0.3 0.24091153481926753
0.2999999999999998 0.3 0.24
0.31041889066001566 0.3 0.24091153481926747
0.32052120859954 0.3 0.24361844275284544
0.32999999999999985 0.3 0.2480384757729336
0.33856725658119224 0.3 0.2540373334128612
0.3459626665871386 0.3 0.2614327434188075
0.3519615242270662 0.3 0.26999999999999985
0.3563815572471544 0.3 0.2794787914004597
0.35908846518073245 0.3 0.289581109339984
