0.37 0.3 0.3
0.3689365427108546 0.3 0.3121553724366851
0.36577848345501357 0.3 0.3239414100327968
0.3606217782649107 0.3 0.33499999999999996
0.35362311101832844 0.3 0.3449951326780577
0.34499513267805776 0.3 0.35362311101832844
0.335 0.3 0.3606217782649107
0.3239414100327968 0.3 0.36577848345501357
0.3121553724366851 0.3 0.3689365427108546
0.3 0.3 0.37
0.28784462756331486 0.3 0.3689365427108546
0.27605858996720317 0.3 0.36577848345501357
0.26499999999999996 0.3 0.3606217782649107
0.2550048673219422 0.3 0.35362311101832844
0.2463768889816715 0.3 0.3449951326780577
0.23937822173508927 0.3 0.33499999999999996
0.2342215165449864 0.3 0.3239414100327968
0.2310634572891454 0.3 0.3121553724366851
0.22999999999999998 0.3 0.3
0.2310634572891454 0.3 0.28784462756331486
0.2342215165449864 0.3 0.27605858996720317
0.23937822173508927 0.3 0.265
0.24637688898167148 0.3 0.2550048673219423
0.25500486732194216 0.3 0.24637688898167157
0.2649999999999999 0.3 0.23937822173508932
0.27605858996720306 0.3 0.23422151654498644
0.28784462756331475 0.3 0.23106345728914543
0.2999999999999999 0.3 0.22999999999999998
0.312155372436685 0.3 0.2310634572891454
0.3239414100327967 0.3 0.23422151654498635
0.3349999999999999 0.3 0.2393782217350892
0.34499513267805765 0.3 0.24637688898167145
0.3536231110183284 0.3 0.25500486732194216
0.36062177826491065 0.3 0.2649999999999999
0.3657784834550135 0.3 0.27605858996720306
0.3689365427108545 0.3 0.28784462756331475
