0.41000000000000003 0.4 0
0.4098480775301221 0.4017364817766693 0
0.4093969262078591 0.4034202014332567 0
0.40866025403784445 0.405 0
0.4076604444311898 0.4064278760968654 0
0.4064278760968654 0.4076604444311898 0
0.405 0.4086602540378444 0
0.40342020143325674 0.4093969262078591 0
0.4017364817766694 0.4098480775301221 0
0.4000000000000001 0.41000000000000003 0
0.3982635182233308 0.40984807753012215 0
0.3965797985667434 0.4093969262078591 0
0.3950000000000001 0.40866025403784445 0
0.3935721239031347 0.4076604444311899 0
0.3923395555688103 0.4064278760968655 0
0.39133974596215565 0.4050000000000001 0
0.39060307379214093 0.40342020143325674 0
0.39015192246987795 0.4017364817766694 0
0.39 0.4000000000000001 0
0.3901519224698779 0.3982635182233308 0
0.39060307379214093 0.3965797985667434 0
0.3913397459621556 0.3950000000000001 0
0.39233955556881017 0.3935721239031347 0
0.39357212390313456 0.3923395555688103 0
0.39499999999999996 0.39133974596215565 0
0.3965797985667433 0.39060307379214093 0
0.39826351822333067 0.39015192246987795 0
0.39999999999999997 0.39 0
0.40173648177666926 0.3901519224698779 0
0.40342020143325663 0.39060307379214093 0
0.40499999999999997 0.3913397459621556 0
0.40642787609686537 0.39233955556881017 0
0.40766044443118976 0.39357212390313456 0
0.4086602540378444 0.39499999999999996 0
0.4093969262078591 0.3965797985667433 0
0.4098480775301221 0.39826351822333067 0
