0.49 0.4 0
0.48978076452338415 0.4062780826369713 0
0.48912412618674134 0.4125255790864059 0
0.4880332840660425 0.41871205217359836 0
0.4865135526344487 0.4248073620235299 0
0.4845723358707318 0.43078181289931017 0
0.4822190911878341 0.436606297876822 0
0.47946528335730343 0.4422524406507301 0
0.47632432865407837 0.4476927337809884 0
0.4728115294937453 0.4529006727063225 0
0.46894399988070806 0.4578508848717885 0
0.46474058203047863 0.4625192533413097 0
0.4602217545722973 0.46688303429296546 0
0.4554095327793093 0.4709209678246049 0
0.4503273613123673 0.4746133815299537 0
0.44500000000000006 0.47794228634059943 0
0.439453403211017 0.48089146416692496 0
0.4337145934074321 0.48344654691101085 0
0.4278115294937453 0.4855950864665638 0
0.4217729706039701 0.4873266153648397 0
0.41562833599002375 0.48863269777109875 0
0.4094075616940888 0.48950697058314463 0
0.4031409547032251 0.4899451744317186 0
0.3968590452967749 0.4899451744317186 0
0.39059243830591117 0.4895069705831446 0
0.38437166400997624 0.4886326977710987 0
0.37822702939602987 0.4873266153648397 0
0.3721884705062547 0.4855950864665638 0
0.36628540659256786 0.48344654691101085 0
0.360546596788983 0.48089146416692496 0
0.3549999999999999 0.47794228634059943 0
0.34967263868763276 0.4746133815299537 0
0.34459046722069075 0.4709209678246049 0
0.33977824542770274 0.4668830342929654 0
0.3352594179695214 0.4625192533413097 0
0.331056000119292 0.4578508848717885 0
0.32718847050625477 0.4529006727063225 0
0.3236756713459217 0.4476927337809884 0
0.32053471664269656 0.4422524406507301 0
0.3177809088121659 0.4366062978768219 0
0.31542766412926826 0.4307818128993101 0
0.3134864473655513 0.4248073620235298 0
0.31196671593395753 0.4187120521735982 0
0.3108758738132587 0.41252557908640575 0
0.31021923547661584 0.4062780826369711 0
0.31000000000000005 0.39999999999999986 0
0.3102192354766159 0.3937219173630286 0
0.31087587381325876 0.38747442091359396 0
0.3119667159339576 0.3812879478264015 0
0.3134864473655514 0.37519263797646996 0
0.31542766412926837 0.3692181871006897 0
0.31778090881216603 0.3633937021231779 0
0.3205347166426967 0.3577475593492697 0
0.3236756713459218 0.35230726621901143 0
0.3271884705062549 0.3470993272936773 0
0.33105600011929215 0.3421491151282114 0
0.3352594179695216 0.33748074665869016 0
0.33977824542770296 0.3331169657070344 0
0.344590467220691 0.3290790321753949 0
0.34967263868763304 0.32538661847004613 0
0.3550000000000003 0.3220577136594004 0
0.3605465967889834 0.31910853583307486 0
0.36628540659256825 0.3165534530889891 0
0.3721884705062551 0.31440491353343614 0
0.37822702939603026 0.31267338463516026 0
0.38437166400997663 0.3113673022289013 0
0.39059243830591156 0.3104930294168554 0
0.3968590452967753 0.31005482556828146 0
0.4031409547032255 0.31005482556828146 0
0.4094075616940892 0.3104930294168555 0
0.41562833599002413 0.3113673022289014 0
0.4217729706039705 0.3126733846351605 0
0.4278115294937457 0.31440491353343636 0
0.4337145934074325 0.31655345308898936 0
0.4394534032110174 0.31910853583307525 0
0.4450000000000004 0.32205771365940083 0
0.4503273613123676 0.3253866184700466 0
0.4554095327793096 0.32907903217539536 0
0.4602217545722976 0.33311696570703486 0
0.4647405820304789 0.3374807466586906 0
0.4689439998807083 0.34214911512821183 0
0.4728115294937455 0.3470993272936778 0
0.47632432865407853 0.3523072662190119 0
0.4794652833573036 0.3577475593492702 0
0.48221909118783424 0.36339370212317834 0
0.4845723358707319 0.3692181871006902 0
0.4865135526344488 0.37519263797647046 0
0.48803328406604257 0.3812879478264021 0
0.4891241261867414 0.3874744209135945 0
0.4897807645233842 0.39372191736302914 0
