0.51 0.4 0
0.5097320455285806 0.4076732121118538 0
0.5089294875615727 0.41530904110560724 0
0.5075962360807186 0.4228702859899536 0
0.505738786553215 0.43032010913986996 0
0.50336618828645 0.4376222157658236 0
0.5004900003406861 0.44474103073833804 0
0.497124235214482 0.451641871906448 0
0.4932852905772069 0.45829111906565256 0
0.4889918693812442 0.46465637775217206 0
0.4842648887430876 0.47070663706551935 0
0.47912737803725164 0.47641242075048973 0
0.4736043666994744 0.4817459308025134 0
0.46772276228582244 0.48668118289673945 0
0.4615112193817822 0.49119413298105463 0
0.455 0.4952627944162883 0
0.44822082614679853 0.49886734509290837 0
0.44120672527575033 0.5019902240023466 0
0.43399186938124423 0.5046162167924669 0
0.42661140851596346 0.5067325298903597 0
0.41910129954336234 0.5083288528313429 0
0.4114981309594419 0.5093974084905101 0
0.4038389446372751 0.5099329909721005 0
0.3961610553627249 0.5099329909721005 0
0.3885018690405581 0.5093974084905101 0
0.38089870045663765 0.5083288528313429 0
0.3733885914840365 0.5067325298903596 0
0.36600813061875576 0.5046162167924669 0
0.35879327472424966 0.5019902240023466 0
0.35177917385320145 0.49886734509290837 0
0.345 0.49526279441628823 0
0.3384887806182178 0.4911941329810545 0
0.3322772377141775 0.48668118289673934 0
0.3263956333005255 0.48174593080251327 0
0.3208726219627483 0.4764124207504896 0
0.31573511125691234 0.4707066370655192 0
0.3110081306187557 0.46465637775217195 0
0.3067147094227931 0.45829111906565245 0
0.302875764785518 0.4516418719064479 0
0.29950999965931385 0.4447410307383379 0
0.2966338117135501 0.4376222157658234 0
0.2942612134467849 0.43032010913986973 0
0.29240376391928136 0.42287028598995335 0
0.2910705124384273 0.415309041105607 0
0.29026795447141934 0.4076732121118536 0
0.29000000000000004 0.3999999999999998 0
0.2902679544714194 0.392326787888146 0
0.2910705124384273 0.3846909588943926 0
0.29240376391928147 0.37712971401004625 0
0.294261213446785 0.36967989086012987 0
0.2966338117135502 0.3623777842341762 0
0.299509999659314 0.3552589692616618 0
0.30287576478551814 0.3483581280935518 0
0.30671470942279333 0.34170888093434726 0
0.311008130618756 0.33534362224782777 0
0.3157351112569126 0.3292933629344805 0
0.32087262196274857 0.3235875792495101 0
0.32639563330052584 0.31825406919748644 0
0.33227723771417783 0.3133188171032604 0
0.33848878061821813 0.3088058670189453 0
0.3450000000000003 0.30473720558371165 0
0.3517791738532018 0.3011326549070915 0
0.35879327472425004 0.2980097759976533 0
0.36600813061875614 0.29538378320753306 0
0.3733885914840369 0.2932674701096403 0
0.38089870045663804 0.29167114716865705 0
0.3885018690405585 0.2906025915094899 0
0.3961610553627253 0.2900670090278995 0
0.4038389446372755 0.2900670090278995 0
0.41149813095944227 0.29060259150949 0
0.4191012995433627 0.2916711471686572 0
0.42661140851596385 0.2932674701096405 0
0.4339918693812446 0.2953837832075333 0
0.4412067252757507 0.29800977599765355 0
0.4482208261467989 0.30113265490709185 0
0.4550000000000004 0.304737205583712 0
0.4615112193817825 0.3088058670189457 0
0.46772276228582277 0.31331881710326087 0
0.47360436669947475 0.31825406919748694 0
0.4791273780372519 0.32358757924951065 0
0.4842648887430879 0.329293362934481 0
0.4889918693812445 0.3353436222478283 0
0.4932852905772071 0.3417088809343478 0
0.4971242352144822 0.3483581280935524 0
0.5004900003406862 0.35525896926166234 0
0.5033661882864501 0.3623777842341768 0
0.5057387865532152 0.3696798908601305 0
0.5075962360807187 0.37712971401004686 0
0.5089294875615729 0.3846909588943932 0
0.5097320455285808 0.3923267878881466 0
