0.32999999999999996 0.3 0.3
0.3295442325903662 0.3 0.3052094453300079
0.3281907786235772 0.3 0.31026060429977004
0.3259807621135331 0.3 0.31499999999999995
0.3229813332935693 0.3 0.31928362829059614
0.31928362829059614 0.3 0.3229813332935693
0.31499999999999995 0.3 0.3259807621135331
0.31026060429977004 0.3 0.3281907786235772
0.3052094453300079 0.3 0.3295442325903662
0.3 0.3 0.32999999999999996
0.2947905546699921 0.3 0.3295442325903662
0.28973939570022994 0.3 0.3281907786235772
0.28500000000000003 0.3 0.3259807621135331
0.28071637170940383 0.3 0.3229813332935693
0.27701866670643066 0.3 0.31928362829059614
0.27401923788646687 0.3 0.31499999999999995
0.27180922137642277 0.3 0.31026060429977004
0.2704557674096338 0.3 0.3052094453300079
0.27 0.3 0.3
0.2704557674096338 0.3 0.2947905546699921
0.27180922137642277 0.3 0.28973939570022994
0.27401923788646687 0.3 0.28500000000000003
0.27701866670643066 0.3 0.28071637170940383
0.28071637170940383 0.3 0.27701866670643066
0.28500000000000003 0.3 0.27401923788646687
0.28973939570022994 0.3 0.27180922137642277
0.2947905546699921 0.3 0.2704557674096338
0.3 0.3 0.27
0.3052094453300079 0.3 0.2704557674096338
0.31026060429977004 0.3 0.27180922137642277
0.31499999999999995 0.3 0.27401923788646687
0.31928362829059614 0.3 0.27701866670643066
0.3229813332935693 0.3 0.28071637170940383
0.3259807621135331 0.3 0.28500000000000003
0.3281907786235772 0.3 0.28973939570022994
0.3295442325903662 0.3 0.2947905546699921
