0.375 0.3 0.3
0.3738605814759156 0.3 0.31302361332501977
0.37047694655894314 0.3 0.32565151074942517
0.3649519052838329 0.3 0.3375
0.35745333323392336 0.3 0.34820907072649043
0.34820907072649043 0.3 0.35745333323392336
0.33749999999999997 0.3 0.3649519052838329
0.3256515107494251 0.3 0.37047694655894314
0.3130236133250197 0.3 0.3738605814759156
0.29999999999999993 0.3 0.375
0.28697638667498016 0.3 0.3738605814759156
0.2743484892505748 0.3 0.37047694655894314
0.26249999999999996 0.3 0.36495190528383287
0.2517909292735095 0.3 0.3574533332339233
0.2425466667660766 0.3 0.34820907072649043
0.23504809471616708 0.3 0.33749999999999997
0.22952305344105683 0.3 0.3256515107494251
0.22613941852408437 0.3 0.3130236133250197
0.22499999999999998 0.3 0.3
0.22613941852408437 0.3 0.2869763866749802
0.22952305344105683 0.3 0.27434848925057487
0.23504809471616706 0.3 0.26250000000000007
0.24254666676607656 0.3 0.2517909292735096
0.25179092927350943 0.3 0.2425466667660767
0.26249999999999984 0.3 0.23504809471616717
0.2743484892505747 0.3 0.2295230534410569
0.2869763866749801 0.3 0.2261394185240844
0.2999999999999999 0.3 0.22499999999999998
0.31302361332501966 0.3 0.22613941852408437
0.32565151074942505 0.3 0.2295230534410568
0.3374999999999999 0.3 0.23504809471616703
0.3482090707264904 0.3 0.24254666676607656
0.3574533332339233 0.3 0.25179092927350943
0.3649519052838328 0.3 0.2624999999999999
0.3704769465589431 0.3 0.27434848925057476
0.3738605814759156 0.3 0.28697638667498016
