0.46 0.4 0
0.45985384301558946 0.4041853884246475 0
0.45941608412449425 0.40835038605760393 0
0.45868885604402837 0.41247470144906556 0
0.4576757017562992 0.41653824134901996 0
0.4563815572471545 0.4205212085995401 0
0.4548127274585561 0.42440419858454803 0
0.45297685557153566 0.42816829376715343 0
0.4508828857693856 0.43179515585399225 0
0.44854101966249693 0.43526711513754834 0
0.4459626665871388 0.43856725658119233 0
0.44316038802031915 0.4416795022275398 0
0.44014783638153154 0.4445886895286436 0
0.43693968851953957 0.4472806452164033 0
0.43355157420824486 0.4497422543533025 0
0.43000000000000005 0.4519615242270663 0
0.4263022688073447 0.45392764277795006 0
0.42247639560495476 0.4556310312740073 0
0.41854101966249685 0.4570633909777092 0
0.41451531373598005 0.4582177435765598 0
0.4104188906600158 0.4590884651807325 0
0.4062717077960592 0.4596713137220964 0
0.40209396980215006 0.45996344962114577 0
0.3979060301978499 0.45996344962114577 0
0.3937282922039408 0.4596713137220964 0
0.3895811093399842 0.4590884651807325 0
0.38548468626401994 0.4582177435765598 0
0.38145898033750314 0.4570633909777092 0
0.37752360439504523 0.4556310312740072 0
0.3736977311926553 0.45392764277795 0
0.36999999999999994 0.4519615242270663 0
0.36644842579175513 0.44974225435330245 0
0.3630603114804605 0.44728064521640326 0
0.35985216361846845 0.4445886895286436 0
0.3568396119796809 0.44167950222753977 0
0.35403733341286125 0.4385672565811923 0
0.3514589803375031 0.4352671151375483 0
0.3491171142306144 0.4317951558539922 0
0.3470231444284643 0.4281682937671534 0
0.34518727254144393 0.4244041985845479 0
0.3436184427528455 0.42052120859954 0
0.34232429824370086 0.41653824134901984 0
0.3413111439559717 0.41247470144906545 0
0.3405839158755058 0.4083503860576038 0
0.34014615698441053 0.4041853884246474 0
0.34 0.39999999999999986 0
0.3401461569844106 0.39581461157535236 0
0.34058391587550585 0.39164961394239595 0
0.34131114395597173 0.3875252985509343 0
0.3423242982437009 0.3834617586509799 0
0.3436184427528456 0.37947879140045976 0
0.34518727254144405 0.3755958014154519 0
0.3470231444284645 0.37183170623284645 0
0.34911711423061453 0.36820484414600757 0
0.3514589803375033 0.3647328848624515 0
0.3540373334128615 0.3614327434188075 0
0.3568396119796811 0.35832049777246 0
0.3598521636184687 0.3554113104713562 0
0.3630603114804607 0.35271935478359656 0
0.3664484257917554 0.3502577456466974 0
0.3700000000000002 0.34803847577293356 0
0.3736977311926556 0.3460723572220499 0
0.37752360439504556 0.34436896872599265 0
0.3814589803375035 0.34293660902229073 0
0.38548468626402027 0.3417822564234402 0
0.3895811093399845 0.3409115348192675 0
0.3937282922039411 0.3403286862779036 0
0.39790603019785026 0.3400365503788543 0
0.4020939698021504 0.3400365503788543 0
0.40627170779605953 0.3403286862779037 0
0.41041889066001613 0.3409115348192676 0
0.4145153137359804 0.3417822564234403 0
0.4185410196624972 0.3429366090222909 0
0.42247639560495504 0.3443689687259929 0
0.42630226880734495 0.34607235722205015 0
0.4300000000000003 0.3480384757729339 0
0.43355157420824514 0.3502577456466977 0
0.4369396885195398 0.35271935478359695 0
0.44014783638153177 0.3554113104713566 0
0.4431603880203193 0.35832049777246044 0
0.4459626665871389 0.36143274341880793 0
0.44854101966249704 0.3647328848624519 0
0.45088288576938573 0.368204844146008 0
0.4529768555715358 0.3718317062328469 0
0.4548127274585562 0.37559580141545235 0
0.4563815572471546 0.37947879140046026 0
0.45767570175629924 0.3834617586509804 0
0.4586888560440284 0.3875252985509348 0
0.4594160841244943 0.39164961394239645 0
0.4598538430155895 0.39581461157535286 0
