0.43000000000000005 0.4 0
0.42992692150779477 0.4020926942123238 0
0.42970804206224716 0.404175193028802 0
0.4293444280220142 0.4062373507245328 0
0.42883785087814963 0.40826912067451 0
0.4281907786235773 0.41026060429977007 0
0.4274063637292781 0.412202099292274 0
0.42648842778576784 0.41408414688357675 0
0.4254414428846928 0.41589757792699616 0
0.4242705098312485 0.41763355756877424 0
0.4229813332935694 0.41928362829059623 0
0.42158019401015956 0.42083975111377 0
0.4200739181907658 0.42229434476432187 0
0.4184698442597698 0.4236403226082017 0
0.41677578710412244 0.4248711271766513 0
0.41500000000000004 0.4259807621135332 0
0.41315113440367235 0.42696382138897504 0
0.4112381978024774 0.42781551563700365 0
0.40927050983124846 0.42853169548885467 0
0.4072576568679901 0.42910887178827994 0
0.40520944533000797 0.4295442325903663 0
0.40313585389802964 0.42983565686104824 0
0.40104698490107504 0.4299817248105729 0
0.398953015098925 0.4299817248105729 0
0.3968641461019704 0.42983565686104824 0
0.3947905546699921 0.4295442325903663 0
0.39274234313200995 0.42910887178827994 0
0.3907294901687516 0.42853169548885467 0
0.38876180219752265 0.42781551563700365 0
0.3868488655963277 0.42696382138897504 0
0.385 0.4259807621135332 0
0.3832242128958776 0.42487112717665126 0
0.38153015574023025 0.42364032260820167 0
0.37992608180923426 0.42229434476432187 0
0.3784198059898405 0.42083975111377 0
0.3770186667064307 0.41928362829059623 0
0.37572949016875157 0.41763355756877424 0
0.3745585571153072 0.41589757792699616 0
0.3735115722142322 0.41408414688357675 0
0.37259363627072195 0.412202099292274 0
0.37180922137642275 0.41026060429977007 0
0.3711621491218504 0.40826912067451 0
0.3706555719779858 0.40623735072453276 0
0.3702919579377529 0.40417519302880195 0
0.3700730784922053 0.40209269421232374 0
0.37 0.39999999999999997 0
0.3700730784922053 0.3979073057876762 0
0.3702919579377529 0.395824806971198 0
0.3706555719779858 0.39376264927546717 0
0.37116214912185047 0.39173087932549 0
0.37180922137642275 0.3897393957002299 0
0.372593636270722 0.38779790070772596 0
0.3735115722142322 0.38591585311642324 0
0.3745585571153072 0.3841024220730038 0
0.37572949016875157 0.3823664424312258 0
0.3770186667064307 0.3807163717094038 0
0.3784198059898405 0.37916024888623007 0
0.37992608180923426 0.3777056552356782 0
0.38153015574023025 0.3763596773917983 0
0.3832242128958776 0.3751288728233487 0
0.385 0.37401923788646685 0
0.3868488655963277 0.373036178611025 0
0.38876180219752265 0.3721844843629964 0
0.3907294901687516 0.3714683045111454 0
0.39274234313201 0.3708911282117201 0
0.39479055466999213 0.37045576740963376 0
0.39686414610197046 0.3701643431389518 0
0.39895301509892506 0.37001827518942715 0
0.4010469849010751 0.37001827518942715 0
0.4031358538980297 0.3701643431389518 0
0.405209445330008 0.37045576740963376 0
0.40725765686799015 0.3708911282117201 0
0.4092705098312485 0.37146830451114543 0
0.41123819780247745 0.3721844843629964 0
0.4131511344036724 0.373036178611025 0
0.4150000000000001 0.37401923788646685 0
0.4167757871041225 0.3751288728233488 0
0.41846984425976985 0.3763596773917984 0
0.42007391819076584 0.37770565523567823 0
0.4215801940101596 0.3791602488862301 0
0.4229813332935694 0.38071637170940387 0
0.4242705098312485 0.38236644243122586 0
0.4254414428846928 0.3841024220730039 0
0.42648842778576784 0.3859158531164233 0
0.4274063637292781 0.387797900707726 0
0.4281907786235773 0.38973939570023 0
0.42883785087814963 0.39173087932549006 0
0.4293444280220142 0.3937626492754673 0
0.42970804206224716 0.3958248069711981 0
0.42992692150779477 0.3979073057876763 0
